113	-0.106600 0.046400 -0.060400 -0.012700 0.005700 -0.999903 -0.186801 -0.982403 -0.003300 -0.981053 0.192635 0.020589 -0.005191
112	-0.106600 0.046400 -0.060400 -0.186801 -0.982403 -0.003300 0.012700 -0.005700 0.999903 -0.981053 0.192635 0.020589 -0.002847
111	-0.106600 0.046400 -0.060400 -0.012700 0.005700 -0.999903 -0.186801 -0.982403 -0.003300 -0.981053 0.192635 0.020589 0.997065
122	-0.102000 0.063100 -0.025600 0.013600 0.001100 -0.999902 -0.282001 -0.959402 -0.004900 -0.965094 0.261903 -0.000343 -0.003551
123	-0.102000 0.063100 -0.025600 -0.282001 -0.959402 -0.004900 -0.013600 -0.001100 0.999902 -0.965094 0.261903 -0.000343 -0.004578
121	-0.102000 0.063100 -0.025600 0.013600 0.001100 -0.999902 -0.282001 -0.959402 -0.004900 -0.965094 0.261903 -0.000343 1.006119
132	-0.108500 0.030200 -0.026600 0.002600 0.002300 -0.999955 -0.095196 -0.995456 -0.002500 -0.995918 0.090158 -0.003134 -0.001662
133	-0.108500 0.030200 -0.026600 -0.095196 -0.995456 -0.002500 -0.002600 -0.002300 0.999955 -0.995918 0.090158 -0.003134 -0.006854
131	-0.108500 0.030200 -0.026600 0.002600 0.002300 -0.999955 -0.095196 -0.995456 -0.002500 -0.995918 0.090158 -0.003134 0.989554
143	-0.109900 0.013100 -0.062700 -0.012300 0.001800 -0.999923 -0.021200 -0.999823 -0.001600 -0.998961 0.030149 0.034157 -0.005005
142	-0.109900 0.013100 -0.062700 -0.021200 -0.999823 -0.001600 0.012300 -0.001800 0.999923 -0.998961 0.030149 0.034157 -0.002974
141	-0.109900 0.013100 -0.062700 -0.012300 0.001800 -0.999923 -0.021200 -0.999823 -0.001600 -0.998961 0.030149 0.034157 1.005394
213	-0.107400 0.032900 0.008000 -0.051198 0.007700 -0.998659 -0.101496 -0.994759 -0.002500 -0.992527 0.105390 0.061484 -0.007125
212	-0.107400 0.032900 0.008000 -0.101496 -0.994759 -0.002500 0.051198 -0.007700 0.998659 -0.992527 0.105390 0.061484 -0.004483
211	-0.107400 0.032900 0.008000 -0.051198 0.007700 -0.998659 -0.101496 -0.994759 -0.002500 -0.992527 0.105390 0.061484 1.001129
222	-0.098900 0.040300 0.041300 -0.343206 0.059801 -0.937415 -0.161803 -0.986816 -0.003700 -0.925515 0.151540 0.347043 -0.004845
223	-0.098900 0.040300 0.041300 -0.161803 -0.986816 -0.003700 0.343206 -0.059801 0.937415 -0.925515 0.151540 0.347043 -0.004755
221	-0.098900 0.040300 0.041300 -0.343206 0.059801 -0.937415 -0.161803 -0.986816 -0.003700 -0.925515 0.151540 0.347043 0.997445
232	-0.101100 0.004400 0.040800 -0.352103 0.008700 -0.935908 0.037800 -0.999009 -0.023500 -0.937077 -0.046928 0.345951 -0.001573
233	-0.101100 0.004400 0.040800 0.037800 -0.999009 -0.023500 0.352103 -0.008700 0.935908 -0.937077 -0.046928 0.345951 -0.005412
231	-0.101100 0.004400 0.040800 -0.352103 0.008700 -0.935908 0.037800 -0.999009 -0.023500 -0.937077 -0.046928 0.345951 0.998779
243	-0.108300 -0.001100 0.007100 -0.067199 -0.010400 -0.997685 0.084999 -0.996386 0.004700 -0.994252 -0.073658 0.077545 -0.007707
242	-0.108300 -0.001100 0.007100 0.084999 -0.996386 0.004700 0.067199 0.010400 0.997685 -0.994252 -0.073658 0.077545 -0.005717
241	-0.108300 -0.001100 0.007100 -0.067199 -0.010400 -0.997685 0.084999 -0.996386 0.004700 -0.994252 -0.073658 0.077545 1.000929
313	-0.086100 0.098800 0.009000 -0.035199 0.118196 -0.992366 -0.483584 -0.870970 -0.086597 -0.872906 0.479575 0.089625 -0.007416
312	-0.086100 0.098800 0.009000 -0.483584 -0.870970 -0.086597 0.035199 -0.118196 0.992366 -0.872906 0.479575 0.089625 -0.003768
311	-0.086100 0.098800 0.009000 -0.035199 0.118196 -0.992366 -0.483584 -0.870970 -0.086597 -0.872906 0.479575 0.089625 1.001160
322	-0.088700 0.075700 0.041200 -0.351594 0.118898 -0.928584 -0.370994 -0.928384 0.021600 -0.860505 0.353122 0.367194 -0.002484
323	-0.088700 0.075700 0.041200 -0.370994 -0.928384 0.021600 0.351594 -0.118898 0.928584 -0.860505 0.353122 0.367194 -0.006058
321	-0.088700 0.075700 0.041200 -0.351594 0.118898 -0.928584 -0.370994 -0.928384 0.021600 -0.860505 0.353122 0.367194 0.995371
333	-0.070200 0.075800 0.070700 -0.594240 0.228816 -0.771052 -0.385726 -0.922363 0.023502 -0.709643 0.319471 0.627967 -0.006405
332	-0.070200 0.075800 0.070700 -0.385726 -0.922363 0.023502 0.594240 -0.228816 0.771052 -0.709643 0.319471 0.627967 -0.002840
331	-0.070200 0.075800 0.070700 -0.594240 0.228816 -0.771052 -0.385726 -0.922363 0.023502 -0.709643 0.319471 0.627967 1.005603
343	-0.100300 0.065900 0.008100 -0.065802 0.024701 -0.997527 -0.288308 -0.957526 -0.004700 -0.954142 0.289132 0.077539 -0.006310
342	-0.100300 0.065900 0.008100 -0.288308 -0.957526 -0.004700 0.065802 -0.024701 0.997527 -0.954142 0.289132 0.077539 -0.002976
341	-0.100300 0.065900 0.008100 -0.065802 0.024701 -0.997527 -0.288308 -0.957526 -0.004700 -0.954142 0.289132 0.077539 0.995252
413	-0.080800 0.041300 0.072000 -0.642126 0.049002 -0.765031 -0.135706 -0.989540 0.050502 -0.759227 0.135193 0.636628 -0.004123
412	-0.080800 0.041300 0.072000 -0.135706 -0.989540 0.050502 0.642126 -0.049002 0.765031 -0.759227 0.135193 0.636628 -0.004827
411	-0.080800 0.041300 0.072000 -0.642126 0.049002 -0.765031 -0.135706 -0.989540 0.050502 -0.759227 0.135193 0.636628 0.998089
422	-0.052600 0.040600 0.095200 -0.874970 -0.019699 -0.483783 -0.054998 -0.988666 0.139695 -0.482482 0.151841 0.862644 -0.002485
423	-0.052600 0.040600 0.095200 -0.054998 -0.988666 0.139695 0.874970 0.019699 0.483783 -0.482482 0.151841 0.862644 -0.005301
421	-0.052600 0.040600 0.095200 -0.874970 -0.019699 -0.483783 -0.054998 -0.988666 0.139695 -0.482482 0.151841 0.862644 0.997138
432	-0.053700 0.005900 0.096900 -0.870267 -0.017799 -0.492081 0.028999 -0.999462 -0.015299 -0.496968 -0.030868 0.867217 -0.002442
433	-0.053700 0.005900 0.096900 0.028999 -0.999462 -0.015299 0.870267 0.017799 0.492081 -0.496968 -0.030868 0.867217 -0.004755
431	-0.053700 0.005900 0.096900 -0.870267 -0.017799 -0.492081 0.028999 -0.999462 -0.015299 -0.496968 -0.030868 0.867217 1.003221
443	-0.082900 0.006200 0.072800 -0.647316 0.002100 -0.762219 0.043201 -0.998325 -0.039401 -0.766142 -0.057969 0.640051 -0.005749
442	-0.082900 0.006200 0.072800 0.043201 -0.998325 -0.039401 0.647316 -0.002100 0.762219 -0.766142 -0.057969 0.640051 -0.002452
441	-0.082900 0.006200 0.072800 -0.647316 0.002100 -0.762219 0.043201 -0.998325 -0.039401 -0.766142 -0.057969 0.640051 0.999645
513	-0.063700 0.125400 0.013600 0.019400 0.216900 -0.976001 -0.783501 -0.603001 -0.149600 -0.609878 0.775389 0.163760 -0.006833
512	-0.063700 0.125400 0.013600 -0.783501 -0.603001 -0.149600 -0.019400 -0.216900 0.976001 -0.609878 0.775389 0.163760 -0.003171
511	-0.063700 0.125400 0.013600 0.019400 0.216900 -0.976001 -0.783501 -0.603001 -0.149600 -0.609878 0.775389 0.163760 1.005427
523	-0.033200 0.139700 0.017400 0.010600 0.218707 -0.975733 -0.957032 -0.280709 -0.073302 -0.290497 0.933988 0.208019 -0.006940
522	-0.033200 0.139700 0.017400 -0.957032 -0.280709 -0.073302 -0.010600 -0.218707 0.975733 -0.290497 0.933988 0.208019 -0.004077
521	-0.033200 0.139700 0.017400 0.010600 0.218707 -0.975733 -0.957032 -0.280709 -0.073302 -0.290497 0.933988 0.208019 0.995922
532	-0.033700 0.127400 0.048500 -0.052299 0.470092 -0.881084 -0.962183 -0.259895 -0.081599 -0.268892 0.842966 0.465944 -0.004054
533	-0.033700 0.127400 0.048500 -0.962183 -0.259895 -0.081599 0.052299 -0.470092 0.881084 -0.268892 0.842966 0.465944 -0.005360
531	-0.033700 0.127400 0.048500 -0.052299 0.470092 -0.881084 -0.962183 -0.259895 -0.081599 -0.268892 0.842966 0.465944 0.997926
542	-0.067200 0.108900 0.044300 -0.171191 0.377780 -0.909852 -0.709963 -0.687664 -0.151892 -0.688582 0.610333 0.391594 -0.002113
543	-0.067200 0.108900 0.044300 -0.709963 -0.687664 -0.151892 0.171191 -0.377780 0.909852 -0.688582 0.610333 0.391594 -0.004044
541	-0.067200 0.108900 0.044300 -0.171191 0.377780 -0.909852 -0.709963 -0.687664 -0.151892 -0.688582 0.610333 0.391594 0.999334
613	-0.035800 0.104800 0.075000 -0.009500 0.770803 -0.637003 -0.954604 -0.196601 -0.223701 -0.288846 0.614473 0.734160 -0.004074
612	-0.035800 0.104800 0.075000 -0.954604 -0.196601 -0.223701 0.009500 -0.770803 0.637003 -0.288846 0.614473 0.734160 -0.004658
611	-0.035800 0.104800 0.075000 -0.009500 0.770803 -0.637003 -0.954604 -0.196601 -0.223701 -0.288846 0.614473 0.734160 0.999904
622	0.000100 0.077500 0.096700 0.000200 0.917700 -0.397400 -1.000000 0.000400 0.000200 0.000353 0.402159 0.915569 -0.002365
623	0.000100 0.077500 0.096700 -1.000000 0.000400 0.000200 -0.000200 -0.917700 0.397400 0.000353 0.402159 0.915569 -0.006411
621	0.000100 0.077500 0.096700 0.000200 0.917700 -0.397400 -1.000000 0.000400 0.000200 0.000353 0.402159 0.915569 0.997486
633	-0.018400 0.044000 0.106300 0.006700 0.983663 -0.179893 -0.990063 -0.018599 -0.139095 -0.136778 0.185353 0.973106 -0.005682
632	-0.018400 0.044000 0.106300 -0.990063 -0.018599 -0.139095 -0.006700 -0.983663 0.179893 -0.136778 0.185353 0.973106 -0.002012
631	-0.018400 0.044000 0.106300 0.006700 0.983663 -0.179893 -0.990063 -0.018599 -0.139095 -0.136778 0.185353 0.973106 0.999417
642	-0.036800 0.075300 0.092200 -0.025099 0.896459 -0.442380 -0.950857 -0.157993 -0.266288 -0.309200 0.411780 0.857222 -0.001696
643	-0.036800 0.075300 0.092200 -0.950857 -0.157993 -0.266288 0.025099 -0.896459 0.442380 -0.309200 0.411780 0.857222 -0.005534
641	-0.036800 0.075300 0.092200 -0.025099 0.896459 -0.442380 -0.950857 -0.157993 -0.266288 -0.309200 0.411780 0.857222 1.007280
713	-0.018500 0.010500 0.109600 -0.990008 -0.012000 -0.140501 0.013700 -0.999808 -0.011400 -0.149388 -0.009364 0.988733 -0.005878
712	-0.018500 0.010500 0.109600 0.013700 -0.999808 -0.011400 0.990008 0.012000 0.140501 -0.149388 -0.009364 0.988733 -0.001236
711	-0.018500 0.010500 0.109600 -0.990008 -0.012000 -0.140501 0.013700 -0.999808 -0.011400 -0.149388 -0.009364 0.988733 1.001028
723	0.018600 0.010500 0.109600 0.988752 -0.007200 -0.149393 0.001100 0.999151 -0.040798 0.151194 0.034011 0.987916 -0.003231
722	0.018600 0.010500 0.109600 0.001100 0.999151 -0.040798 -0.988752 0.007200 0.149393 0.151194 0.034011 0.987916 -0.002799
721	0.018600 0.010500 0.109600 0.988752 -0.007200 -0.149393 0.001100 0.999151 -0.040798 0.151194 0.034011 0.987916 1.004226
733	0.018600 -0.023300 0.105900 -0.036600 -0.970305 -0.239101 0.987205 0.002100 -0.159701 0.149724 -0.245081 0.957868 -0.005798
732	0.018600 -0.023300 0.105900 0.987205 0.002100 -0.159701 0.036600 0.970305 0.239101 0.149724 -0.245081 0.957868 -0.001716
731	0.018600 -0.023300 0.105900 -0.036600 -0.970305 -0.239101 0.987205 0.002100 -0.159701 0.149724 -0.245081 0.957868 0.996729
743	-0.018500 -0.023700 0.105800 0.039398 -0.969753 -0.240888 0.992852 0.010799 0.118594 -0.122019 -0.243786 0.962120 -0.003445
742	-0.018500 -0.023700 0.105800 0.992852 0.010799 0.118594 -0.039398 0.969753 0.240888 -0.122019 -0.243786 0.962120 -0.000691
741	-0.018500 -0.023700 0.105800 0.039398 -0.969753 -0.240888 0.992852 0.010799 0.118594 -0.122019 -0.243786 0.962120 0.998437
813	0.000100 0.144500 0.018700 -0.000300 0.251701 -0.967805 -0.999905 -0.012100 -0.002800 -0.005535 0.966783 0.255522 -0.004957
812	0.000100 0.144500 0.018700 -0.999905 -0.012100 -0.002800 0.000300 -0.251701 0.967805 -0.005535 0.966783 0.255522 -0.003576
811	0.000100 0.144500 0.018700 -0.000300 0.251701 -0.967805 -0.999905 -0.012100 -0.002800 -0.005535 0.966783 0.255522 1.004061
822	0.000100 0.131600 0.050000 0.000700 0.499200 -0.866500 -1.000000 0.000900 -0.000200 -0.001563 0.866264 0.499583 -0.003515
823	0.000100 0.131600 0.050000 -1.000000 0.000900 -0.000200 -0.000700 -0.499200 0.866500 -0.001563 0.866264 0.499583 -0.006856
821	0.000100 0.131600 0.050000 0.000700 0.499200 -0.866500 -1.000000 0.000900 -0.000200 -0.001563 0.866264 0.499583 1.007515
913	0.033100 0.139700 0.017300 -0.005300 0.236504 -0.971616 -0.964716 0.254804 0.067301 0.267142 0.935987 0.229242 -0.005456
912	0.033100 0.139700 0.017300 -0.964716 0.254804 0.067301 0.005300 -0.236504 0.971616 0.267142 0.935987 0.229242 -0.001722
911	0.033100 0.139700 0.017300 -0.005300 0.236504 -0.971616 -0.964716 0.254804 0.067301 0.267142 0.935987 0.229242 0.999130
923	0.063800 0.125300 0.013500 -0.022801 0.216906 -0.975926 -0.792421 0.591316 0.150004 0.625742 0.763218 0.161025 -0.004858
922	0.063800 0.125300 0.013500 -0.792421 0.591316 0.150004 0.022801 -0.216906 0.975926 0.625742 0.763218 0.161025 -0.001659
921	0.063800 0.125300 0.013500 -0.022801 0.216906 -0.975926 -0.792421 0.591316 0.150004 0.625742 0.763218 0.161025 0.997250
932	0.067100 0.108800 0.044400 0.174311 0.376424 -0.909958 -0.709645 0.688644 0.148909 0.685395 0.613602 0.392080 -0.004007
933	0.067100 0.108800 0.044400 -0.709645 0.688644 0.148909 -0.174311 -0.376424 0.909958 0.685395 0.613602 0.392080 -0.005016
931	0.067100 0.108800 0.044400 0.174311 0.376424 -0.909958 -0.709645 0.688644 0.148909 0.685395 0.613602 0.392080 0.987590
942	0.033800 0.127300 0.048600 0.055602 0.468914 -0.881527 -0.961529 0.263008 0.079302 0.267009 0.842917 0.467115 -0.004236
943	0.033800 0.127300 0.048600 -0.961529 0.263008 0.079302 -0.055602 -0.468914 0.881527 0.267009 0.842917 0.467115 -0.005076
941	0.033800 0.127300 0.048600 0.055602 0.468914 -0.881527 -0.961529 0.263008 0.079302 0.267009 0.842917 0.467115 1.002558
1013	0.000100 0.109300 0.077100 0.000900 0.759320 -0.650717 -0.999826 -0.013800 -0.017400 -0.025546 0.655605 0.754671 -0.005675
1012	0.000100 0.109300 0.077100 -0.999826 -0.013800 -0.017400 -0.000900 -0.759320 0.650717 -0.025546 0.655605 0.754671 -0.000082
1011	0.000100 0.109300 0.077100 0.000900 0.759320 -0.650717 -0.999826 -0.013800 -0.017400 -0.025546 0.655605 0.754671 1.002527
1023	0.035800 0.104800 0.075000 0.006800 0.768236 -0.640130 -0.964046 0.175308 0.200109 0.271504 0.619243 0.736765 -0.005267
1022	0.035800 0.104800 0.075000 -0.964046 0.175308 0.200109 -0.006800 -0.768236 0.640130 0.271504 0.619243 0.736765 -0.004550
1021	0.035800 0.104800 0.075000 0.006800 0.768236 -0.640130 -0.964046 0.175308 0.200109 0.271504 0.619243 0.736765 1.006299
1032	0.036800 0.075200 0.092300 0.029199 0.895982 -0.442991 -0.950980 0.161397 0.263795 0.310522 0.411679 0.856794 -0.002170
1033	0.036800 0.075200 0.092300 -0.950980 0.161397 0.263795 -0.029199 -0.895982 0.442991 0.310522 0.411679 0.856794 -0.005310
1031	0.036800 0.075200 0.092300 0.029199 0.895982 -0.442991 -0.950980 0.161397 0.263795 0.310522 0.411679 0.856794 0.988127
1043	0.018400 0.044200 0.106200 -0.013699 0.979661 -0.200192 -0.993160 0.009900 0.116395 0.128735 0.207773 0.969668 -0.004080
1042	0.018400 0.044200 0.106200 -0.993160 0.009900 0.116395 0.013699 -0.979661 0.200192 0.128735 0.207773 0.969668 -0.002660
1041	0.018400 0.044200 0.106200 -0.013699 0.979661 -0.200192 -0.993160 0.009900 0.116395 0.128735 0.207773 0.969668 0.995924
1112	0.052500 0.040600 0.095300 0.875761 -0.017599 -0.482379 -0.056398 0.988756 -0.138494 0.484283 0.156241 0.860847 -0.001253
1113	0.052500 0.040600 0.095300 -0.056398 0.988756 -0.138494 -0.875761 0.017599 0.482379 0.484283 0.156241 0.860847 -0.007393
1111	0.052500 0.040600 0.095300 0.875761 -0.017599 -0.482379 -0.056398 0.988756 -0.138494 0.484283 0.156241 0.860847 0.990507
1123	0.080900 0.041300 0.072100 0.643867 0.052097 -0.763361 -0.171791 0.981950 -0.077896 0.749112 0.185652 0.635893 -0.005258
1122	0.080900 0.041300 0.072100 -0.171791 0.981950 -0.077896 -0.643867 -0.052097 0.763361 0.749112 0.185652 0.635893 -0.001797
1121	0.080900 0.041300 0.072100 0.643867 0.052097 -0.763361 -0.171791 0.981950 -0.077896 0.749112 0.185652 0.635893 0.999511
1133	0.082800 0.006100 0.072800 0.645314 0.000600 -0.763917 0.011100 0.999922 0.010200 0.766855 -0.010965 0.641719 -0.004253
1132	0.082800 0.006100 0.072800 0.011100 0.999922 0.010200 -0.645314 -0.000600 0.763917 0.766855 -0.010965 0.641719 -0.001026
1131	0.082800 0.006100 0.072800 0.645314 0.000600 -0.763917 0.011100 0.999922 0.010200 0.766855 -0.010965 0.641719 0.997924
1142	0.053500 0.006200 0.097000 0.871295 -0.018300 -0.490397 0.028700 0.999494 0.013700 0.494743 -0.027354 0.868608 -0.000099
1143	0.053500 0.006200 0.097000 0.028700 0.999494 0.013700 -0.871295 0.018300 0.490397 0.494743 -0.027354 0.868608 -0.007247
1141	0.053500 0.006200 0.097000 0.871295 -0.018300 -0.490397 0.028700 0.999494 0.013700 0.494743 -0.027354 0.868608 1.007991
1213	0.086200 0.098600 0.008900 0.046901 0.120402 -0.991617 -0.502008 0.861115 0.080801 0.863545 0.493183 0.105153 -0.006818
1212	0.086200 0.098600 0.008900 -0.502008 0.861115 0.080801 -0.046901 -0.120402 0.991617 0.863545 0.493183 0.105153 -0.001095
1211	0.086200 0.098600 0.008900 0.046901 0.120402 -0.991617 -0.502008 0.861115 0.080801 0.863545 0.493183 0.105153 1.001084
1223	0.100300 0.066000 0.008200 0.067403 0.027601 -0.997344 -0.315514 0.948942 0.005000 0.945398 0.314474 0.085596 -0.004785
1222	0.100300 0.066000 0.008200 -0.315514 0.948942 0.005000 -0.067403 -0.027601 0.997344 0.945398 0.314474 0.085596 -0.000700
1221	0.100300 0.066000 0.008200 0.067403 0.027601 -0.997344 -0.315514 0.948942 0.005000 0.945398 0.314474 0.085596 1.010996
1232	0.088700 0.075700 0.041200 0.351800 0.119000 -0.928499 -0.371200 0.928299 -0.021700 0.858562 0.355232 0.369699 -0.004046
1233	0.088700 0.075700 0.041200 -0.371200 0.928299 -0.021700 -0.351800 -0.119000 0.928499 0.858562 0.355232 0.369699 -0.006029
1231	0.088700 0.075700 0.041200 0.351800 0.119000 -0.928499 -0.371200 0.928299 -0.021700 0.858562 0.355232 0.369699 0.991431
1243	0.069900 0.075800 0.070900 0.612621 0.238208 -0.753626 -0.425815 0.902831 -0.060702 0.665799 0.362363 0.652228 -0.007022
1242	0.069900 0.075800 0.070900 -0.425815 0.902831 -0.060702 -0.612621 -0.238208 0.753626 0.665799 0.362363 0.652228 -0.002136
1241	0.069900 0.075800 0.070900 0.612621 0.238208 -0.753626 -0.425815 0.902831 -0.060702 0.665799 0.362363 0.652228 1.000842
1312	0.098900 0.040400 0.041300 0.343005 0.060601 -0.937414 -0.162403 0.986715 0.004300 0.922726 0.157636 0.351745 -0.004291
1313	0.098900 0.040400 0.041300 -0.162403 0.986715 0.004300 -0.343005 -0.060601 0.937414 0.922726 0.157636 0.351745 -0.004602
1311	0.098900 0.040400 0.041300 0.343005 0.060601 -0.937414 -0.162403 0.986715 0.004300 0.922726 0.157636 0.351745 0.993376
1323	0.107400 0.032900 0.008100 0.062598 0.011400 -0.997974 -0.129597 0.991574 0.003200 0.988150 0.132879 0.076798 -0.002481
1322	0.107400 0.032900 0.008100 -0.129597 0.991574 0.003200 -0.062598 -0.011400 0.997974 0.988150 0.132879 0.076798 -0.000542
1321	0.107400 0.032900 0.008100 0.062598 0.011400 -0.997974 -0.129597 0.991574 0.003200 0.988150 0.132879 0.076798 1.006029
1333	0.108300 -0.001100 0.006800 0.050900 -0.002300 -0.998701 0.060100 0.998201 0.000800 0.996489 -0.056513 0.061754 -0.005715
1332	0.108300 -0.001100 0.006800 0.060100 0.998201 0.000800 -0.050900 0.002300 0.998701 0.996489 -0.056513 0.061754 -0.004341
1331	0.108300 -0.001100 0.006800 0.050900 -0.002300 -0.998701 0.060100 0.998201 0.000800 0.996489 -0.056513 0.061754 0.996496
1342	0.101000 0.004400 0.041000 0.353004 0.007800 -0.935611 0.038200 0.999012 0.022700 0.934724 -0.038935 0.353210 -0.003950
1343	0.101000 0.004400 0.041000 0.038200 0.999012 0.022700 -0.353004 -0.007800 0.935611 0.934724 -0.038935 0.353210 -0.004999
1341	0.101000 0.004400 0.041000 0.353004 0.007800 -0.935611 0.038200 0.999012 0.022700 0.934724 -0.038935 0.353210 1.000517
1412	0.102000 0.063000 -0.026000 -0.014301 0.003500 -0.999948 -0.281114 0.959646 0.007400 0.958322 0.285679 0.002209 -0.002560
1413	0.102000 0.063000 -0.026000 -0.281114 0.959646 0.007400 0.014301 -0.003500 0.999948 0.958322 0.285679 0.002209 -0.005429
1411	0.102000 0.063000 -0.026000 -0.014301 0.003500 -0.999948 -0.281114 0.959646 0.007400 0.958322 0.285679 0.002209 1.002570
1423	0.106500 0.046900 -0.060000 0.012000 0.008300 -0.999894 -0.179699 0.983694 0.006000 0.983556 0.178618 0.026642 -0.005334
1422	0.106500 0.046900 -0.060000 -0.179699 0.983694 0.006000 -0.012000 -0.008300 0.999894 0.983556 0.178618 0.026642 -0.002057
1421	0.106500 0.046900 -0.060000 0.012000 0.008300 -0.999894 -0.179699 0.983694 0.006000 0.983556 0.178618 0.026642 1.005005
1433	0.109800 0.013100 -0.062200 0.012400 0.004400 -0.999913 -0.012800 0.999913 0.004200 0.999504 0.003055 0.031166 -0.004799
1432	0.109800 0.013100 -0.062200 -0.012800 0.999913 0.004200 -0.012400 -0.004400 0.999913 0.999504 0.003055 0.031166 -0.000758
1431	0.109800 0.013100 -0.062200 0.012400 0.004400 -0.999913 -0.012800 0.999913 0.004200 0.999504 0.003055 0.031166 0.994036
1442	0.108300 0.030100 -0.026200 -0.009900 0.004100 -0.999888 -0.095799 0.995388 0.005100 0.994683 0.102956 -0.002466 -0.001180
1443	0.108300 0.030100 -0.026200 -0.095799 0.995388 0.005100 0.009900 -0.004100 0.999888 0.994683 0.102956 -0.002466 -0.007014
1441	0.108300 0.030100 -0.026200 -0.009900 0.004100 -0.999888 -0.095799 0.995388 0.005100 0.994683 0.102956 -0.002466 0.995679
1512	-0.108800 -0.003200 -0.028400 0.020599 0.000800 -0.999771 0.080298 -0.996771 0.000800 -0.996268 -0.085237 -0.013536 -0.001485
1513	-0.108800 -0.003200 -0.028400 0.080298 -0.996771 0.000800 -0.020599 -0.000800 0.999771 -0.996268 -0.085237 -0.013536 -0.005771
1511	-0.108800 -0.003200 -0.028400 0.020599 0.000800 -0.999771 0.080298 -0.996771 0.000800 -0.996268 -0.085237 -0.013536 0.997162
1522	-0.101700 -0.036000 -0.028100 0.028399 0.002900 -0.999575 0.340892 -0.940077 0.007000 -0.940141 -0.340119 -0.020172 -0.003701
1523	-0.101700 -0.036000 -0.028100 0.340892 -0.940077 0.007000 -0.028399 -0.002900 0.999575 -0.940141 -0.340119 -0.020172 -0.006569
1521	-0.101700 -0.036000 -0.028100 0.028399 0.002900 -0.999575 0.340892 -0.940077 0.007000 -0.940141 -0.340119 -0.020172 1.000902
1533	-0.095100 -0.052400 -0.062300 -0.014600 0.000600 -0.999893 0.465497 -0.884994 -0.007300 -0.895058 -0.445343 0.023056 -0.003349
1532	-0.095100 -0.052400 -0.062300 0.465497 -0.884994 -0.007300 0.014600 -0.000600 0.999893 -0.895058 -0.445343 0.023056 -0.001044
1531	-0.095100 -0.052400 -0.062300 -0.014600 0.000600 -0.999893 0.465497 -0.884994 -0.007300 -0.895058 -0.445343 0.023056 0.995671
1543	-0.106800 -0.020500 -0.062500 -0.013500 0.001800 -0.999907 0.201801 -0.979407 -0.004500 -0.982425 -0.183825 0.032235 -0.005441
1542	-0.106800 -0.020500 -0.062500 0.201801 -0.979407 -0.004500 0.013500 -0.001800 0.999907 -0.982425 -0.183825 0.032235 -0.002946
1541	-0.106800 -0.020500 -0.062500 -0.013500 0.001800 -0.999907 0.201801 -0.979407 -0.004500 -0.982425 -0.183825 0.032235 0.995481
1613	-0.101700 -0.033900 0.005600 -0.068397 -0.031599 -0.997158 0.340386 -0.940260 0.006500 -0.941805 -0.326899 0.078362 -0.008704
1612	-0.101700 -0.033900 0.005600 0.340386 -0.940260 0.006500 0.068397 0.031599 0.997158 -0.941805 -0.326899 0.078362 -0.002156
1611	-0.101700 -0.033900 0.005600 -0.068397 -0.031599 -0.997158 0.340386 -0.940260 0.006500 -0.941805 -0.326899 0.078362 1.003041
1622	-0.095200 -0.030800 0.039100 -0.325001 -0.058300 -0.943902 0.308901 -0.949902 -0.047600 -0.895303 -0.305929 0.323778 -0.002458
1623	-0.095200 -0.030800 0.039100 0.308901 -0.949902 -0.047600 0.325001 0.058300 0.943902 -0.895303 -0.305929 0.323778 -0.004866
1621	-0.095200 -0.030800 0.039100 -0.325001 -0.058300 -0.943902 0.308901 -0.949902 -0.047600 -0.895303 -0.305929 0.323778 1.010489
1632	-0.078100 -0.062800 0.039400 -0.261799 -0.201399 -0.943897 0.596898 -0.802297 0.005600 -0.755710 -0.564882 0.331374 -0.003657
1633	-0.078100 -0.062800 0.039400 0.596898 -0.802297 0.005600 0.261799 0.201399 0.943897 -0.755710 -0.564882 0.331374 -0.004630
1631	-0.078100 -0.062800 0.039400 -0.261799 -0.201399 -0.943897 0.596898 -0.802297 0.005600 -0.755710 -0.564882 0.331374 1.003396
1643	-0.086600 -0.064000 0.005500 -0.060699 -0.048399 -0.996982 0.570290 -0.821385 0.005100 -0.822058 -0.564076 0.077687 -0.005057
1642	-0.086600 -0.064000 0.005500 0.570290 -0.821385 0.005100 0.060699 0.048399 0.996982 -0.822058 -0.564076 0.077687 -0.001118
1641	-0.086600 -0.064000 0.005500 -0.060699 -0.048399 -0.996982 0.570290 -0.821385 0.005100 -0.822058 -0.564076 0.077687 1.003696
1713	-0.075800 -0.079700 -0.062100 0.000000 -0.015300 -0.999883 0.678188 -0.734787 0.011200 -0.747553 -0.663894 0.020137 -0.005001
1712	-0.075800 -0.079700 -0.062100 0.678188 -0.734787 0.011200 0.000000 0.015300 0.999883 -0.747553 -0.663894 0.020137 -0.002622
1711	-0.075800 -0.079700 -0.062100 0.000000 -0.015300 -0.999883 0.678188 -0.734787 0.011200 -0.747553 -0.663894 0.020137 1.002853
1722	-0.086100 -0.066000 -0.028200 0.022801 0.009400 -0.999727 0.571015 -0.820922 0.005300 -0.816895 -0.576471 -0.019046 -0.000897
1723	-0.086100 -0.066000 -0.028200 0.571015 -0.820922 0.005300 -0.022801 -0.009400 0.999727 -0.816895 -0.576471 -0.019046 -0.007095
1721	-0.086100 -0.066000 -0.028200 0.022801 0.009400 -0.999727 0.571015 -0.820922 0.005300 -0.816895 -0.576471 -0.019046 0.997380
1732	-0.063200 -0.090500 -0.027800 0.016000 0.023501 -0.999624 0.807319 -0.590114 -0.000900 -0.584460 -0.810493 -0.038830 -0.001853
1733	-0.063200 -0.090500 -0.027800 0.807319 -0.590114 -0.000900 -0.016000 -0.023501 0.999624 -0.584460 -0.810493 -0.038830 -0.005679
1731	-0.063200 -0.090500 -0.027800 0.016000 0.023501 -0.999624 0.807319 -0.590114 -0.000900 -0.584460 -0.810493 -0.038830 0.998555
1743	-0.048900 -0.099400 -0.062100 -0.008800 -0.009400 -0.999917 0.895915 -0.444308 -0.003700 -0.463041 -0.885933 0.026590 -0.002275
1742	-0.048900 -0.099400 -0.062100 0.895915 -0.444308 -0.003700 0.008800 0.009400 0.999917 -0.463041 -0.885933 0.026590 -0.002904
1741	-0.048900 -0.099400 -0.062100 -0.008800 -0.009400 -0.999917 0.895915 -0.444308 -0.003700 -0.463041 -0.885933 0.026590 0.998612
1813	-0.078600 -0.028700 0.069600 -0.617503 -0.040900 -0.785504 0.249001 -0.957505 -0.145901 -0.745919 -0.286277 0.601369 -0.006028
1812	-0.078600 -0.028700 0.069600 0.249001 -0.957505 -0.145901 0.617503 0.040900 0.785504 -0.745919 -0.286277 0.601369 -0.002307
1811	-0.078600 -0.028700 0.069600 -0.617503 -0.040900 -0.785504 0.249001 -0.957505 -0.145901 -0.745919 -0.286277 0.601369 1.005481
1822	-0.051800 -0.027700 0.092700 -0.859116 0.025300 -0.511209 0.109902 -0.966318 -0.232704 -0.501945 -0.259705 0.824987 -0.001764
1823	-0.051800 -0.027700 0.092700 0.109902 -0.966318 -0.232704 0.859116 -0.025300 0.511209 -0.501945 -0.259705 0.824987 -0.004840
1821	-0.051800 -0.027700 0.092700 -0.859116 0.025300 -0.511209 0.109902 -0.966318 -0.232704 -0.501945 -0.259705 0.824987 1.001062
1832	-0.018100 -0.054200 0.092300 0.070502 -0.841822 -0.535214 0.989126 -0.010400 0.146704 -0.128619 -0.540576 0.831388 -0.003525
1833	-0.018100 -0.054200 0.092300 0.989126 -0.010400 0.146704 -0.070502 0.841822 0.535214 -0.128619 -0.540576 0.831388 -0.004703
1831	-0.018100 -0.054200 0.092300 0.070502 -0.841822 -0.535214 0.989126 -0.010400 0.146704 -0.128619 -0.540576 0.831388 0.989420
1843	-0.055200 -0.062700 0.070700 -0.383905 -0.499806 -0.776409 0.785209 -0.619107 0.010300 -0.492476 -0.583098 0.646086 -0.005428
1842	-0.055200 -0.062700 0.070700 0.785209 -0.619107 0.010300 0.383905 0.499806 0.776409 -0.492476 -0.583098 0.646086 -0.002373
1841	-0.055200 -0.062700 0.070700 -0.383905 -0.499806 -0.776409 0.785209 -0.619107 0.010300 -0.492476 -0.583098 0.646086 0.992293
1912	-0.051300 -0.086100 0.039700 -0.154503 -0.301206 -0.940920 0.880219 -0.474510 0.007400 -0.443321 -0.828460 0.342225 -0.001349
1913	-0.051300 -0.086100 0.039700 0.880219 -0.474510 0.007400 0.154503 0.301206 0.940920 -0.443321 -0.828460 0.342225 -0.004556
1911	-0.051300 -0.086100 0.039700 -0.154503 -0.301206 -0.940920 0.880219 -0.474510 0.007400 -0.443321 -0.828460 0.342225 1.006631
1923	-0.033500 -0.103300 0.006200 -0.044700 -0.142400 -0.988799 0.959299 -0.282400 -0.002700 -0.277482 -0.949497 0.146481 -0.004533
1922	-0.033500 -0.103300 0.006200 0.959299 -0.282400 -0.002700 0.044700 0.142400 0.988799 -0.277482 -0.949497 0.146481 -0.002323
1921	-0.033500 -0.103300 0.006200 -0.044700 -0.142400 -0.988799 0.959299 -0.282400 -0.002700 -0.277482 -0.949497 0.146481 0.998726
1932	-0.033100 -0.105100 -0.027800 0.007900 0.022401 -0.999723 0.951222 -0.308507 0.000600 -0.297353 -0.954476 -0.023449 0.001659
1933	-0.033100 -0.105100 -0.027800 0.951222 -0.308507 0.000600 -0.007900 -0.022401 0.999723 -0.297353 -0.954476 -0.023449 -0.007090
1931	-0.033100 -0.105100 -0.027800 0.007900 0.022401 -0.999723 0.951222 -0.308507 0.000600 -0.297353 -0.954476 -0.023449 0.995263
1943	-0.063600 -0.088400 0.006000 -0.064102 -0.086003 -0.994231 0.809725 -0.586818 -0.001400 -0.594527 -0.796174 0.112439 -0.004288
1942	-0.063600 -0.088400 0.006000 0.809725 -0.586818 -0.001400 0.064102 0.086003 0.994231 -0.594527 -0.796174 0.112439 -0.002667
1941	-0.063600 -0.088400 0.006000 -0.064102 -0.086003 -0.994231 0.809725 -0.586818 -0.001400 -0.594527 -0.796174 0.112439 1.004157
2013	-0.018600 -0.080100 0.069000 -0.001300 -0.622289 -0.782786 0.992783 -0.094798 0.073699 -0.123628 -0.776386 0.618009 -0.004082
2012	-0.018600 -0.080100 0.069000 0.992783 -0.094798 0.073699 0.001300 0.622289 0.782786 -0.123628 -0.776386 0.618009 -0.003827
2011	-0.018600 -0.080100 0.069000 -0.001300 -0.622289 -0.782786 0.992783 -0.094798 0.073699 -0.123628 -0.776386 0.618009 0.996255
2023	0.018600 -0.080200 0.068900 0.000200 -0.620001 -0.784601 0.986601 0.128300 -0.101100 0.157436 -0.775790 0.611027 -0.004791
2022	0.018600 -0.080200 0.068900 0.986601 0.128300 -0.101100 -0.000200 0.620001 0.784601 0.157436 -0.775790 0.611027 -0.001867
2021	0.018600 -0.080200 0.068900 0.000200 -0.620001 -0.784601 0.986601 0.128300 -0.101100 0.157436 -0.775790 0.611027 0.994065
2032	0.016900 -0.097200 0.039700 -0.000300 -0.372910 -0.927926 0.990028 0.130604 -0.052801 0.145530 -0.917232 0.370801 -0.000214
2033	0.016900 -0.097200 0.039700 0.990028 0.130604 -0.052801 0.000300 0.372910 0.927926 0.145530 -0.917232 0.370801 -0.005922
2031	0.016900 -0.097200 0.039700 -0.000300 -0.372910 -0.927926 0.990028 0.130604 -0.052801 0.145530 -0.917232 0.370801 1.005360
2042	-0.017000 -0.097200 0.039700 -0.000500 -0.373789 -0.927473 0.989971 -0.131196 0.052398 -0.137852 -0.918758 0.369968 0.000439
2043	-0.017000 -0.097200 0.039700 0.989971 -0.131196 0.052398 0.000500 0.373789 0.927473 -0.137852 -0.918758 0.369968 -0.005263
2041	-0.017000 -0.097200 0.039700 -0.000500 -0.373789 -0.927473 0.989971 -0.131196 0.052398 -0.137852 -0.918758 0.369968 0.997129
2113	0.000000 -0.108600 0.007000 -0.000100 -0.168403 -0.985718 0.999819 0.020400 -0.003600 0.014682 -0.987405 0.157329 -0.002988
2112	0.000000 -0.108600 0.007000 0.999819 0.020400 -0.003600 0.000100 0.168403 0.985718 0.014682 -0.987405 0.157329 -0.000619
2111	0.000000 -0.108600 0.007000 -0.000100 -0.168403 -0.985718 0.999819 0.020400 -0.003600 0.014682 -0.987405 0.157329 0.992760
2122	0.000000 -0.110600 -0.027500 0.000000 0.040700 -0.999200 1.000000 -0.000400 0.000000 0.010493 -0.999157 -0.039611 -0.000105
2123	0.000000 -0.110600 -0.027500 1.000000 -0.000400 0.000000 0.000000 -0.040700 0.999200 0.010493 -0.999157 -0.039611 -0.007722
2121	0.000000 -0.110600 -0.027500 0.000000 0.040700 -0.999200 1.000000 -0.000400 0.000000 0.010493 -0.999157 -0.039611 1.003570
2133	0.017000 -0.109800 -0.061800 0.009200 -0.010800 -0.999899 0.985499 0.169500 0.007300 0.156751 -0.987574 0.011210 0.000452
2132	0.017000 -0.109800 -0.061800 0.985499 0.169500 0.007300 -0.009200 0.010800 0.999899 0.156751 -0.987574 0.011210 0.000462
2131	0.017000 -0.109800 -0.061800 0.009200 -0.010800 -0.999899 0.985499 0.169500 0.007300 0.156751 -0.987574 0.011210 0.993515
2143	-0.017100 -0.109800 -0.061900 -0.006200 -0.012200 -0.999906 0.982706 -0.185001 -0.003800 -0.195416 -0.980515 0.019431 -0.000287
2142	-0.017100 -0.109800 -0.061900 0.982706 -0.185001 -0.003800 0.006200 0.012200 0.999906 -0.195416 -0.980515 0.019431 -0.001493
2141	-0.017100 -0.109800 -0.061900 -0.006200 -0.012200 -0.999906 0.982706 -0.185001 -0.003800 -0.195416 -0.980515 0.019431 1.012066
2212	0.051700 -0.027600 0.092800 0.859962 0.026999 -0.509577 0.107595 0.966557 0.232790 0.496738 -0.260996 0.827724 -0.002635
2213	0.051700 -0.027600 0.092800 0.107595 0.966557 0.232790 -0.859962 -0.026999 0.509577 0.496738 -0.260996 0.827724 -0.006625
2211	0.051700 -0.027600 0.092800 0.859962 0.026999 -0.509577 0.107595 0.966557 0.232790 0.496738 -0.260996 0.827724 1.003181
2223	0.078600 -0.028400 0.069800 0.627473 -0.042698 -0.777467 0.223290 0.966359 0.127195 0.746956 -0.255735 0.613719 -0.006954
2222	0.078600 -0.028400 0.069800 0.223290 0.966359 0.127195 -0.627473 0.042698 0.777467 0.746956 -0.255735 0.613719 -0.000904
2221	0.078600 -0.028400 0.069800 0.627473 -0.042698 -0.777467 0.223290 0.966359 0.127195 0.746956 -0.255735 0.613719 1.009276
2233	0.055300 -0.062800 0.070600 0.377694 -0.493292 -0.783588 0.759388 0.649190 -0.042699 0.527543 -0.587476 0.613649 -0.002955
2232	0.055300 -0.062800 0.070600 0.759388 0.649190 -0.042699 -0.377694 0.493292 0.783588 0.527543 -0.587476 0.613649 -0.003418
2231	0.055300 -0.062800 0.070600 0.377694 -0.493292 -0.783588 0.759388 0.649190 -0.042699 0.527543 -0.587476 0.613649 1.008477
2242	0.018200 -0.054200 0.092200 -0.069799 -0.841688 -0.535392 0.989086 0.011400 -0.146898 0.130847 -0.542450 0.829833 -0.002904
2243	0.018200 -0.054200 0.092200 0.989086 0.011400 -0.146898 0.069799 0.841688 0.535392 0.130847 -0.542450 0.829833 -0.002798
2241	0.018200 -0.054200 0.092200 -0.069799 -0.841688 -0.535392 0.989086 0.011400 -0.146898 0.130847 -0.542450 0.829833 1.001169
2312	0.051300 -0.086100 0.039700 0.153007 -0.302213 -0.940940 0.880738 0.473520 -0.008900 0.452735 -0.826771 0.333873 -0.000316
2313	0.051300 -0.086100 0.039700 0.880738 0.473520 -0.008900 -0.153007 0.302213 0.940940 0.452735 -0.826771 0.333873 -0.006205
2311	0.051300 -0.086100 0.039700 0.153007 -0.302213 -0.940940 0.880738 0.473520 -0.008900 0.452735 -0.826771 0.333873 0.997774
2323	0.063700 -0.088400 0.006200 0.056398 -0.071297 -0.995860 0.798667 0.601776 0.002200 0.595362 -0.798218 0.091600 -0.003177
2322	0.063700 -0.088400 0.006200 0.798667 0.601776 0.002200 -0.056398 0.071297 0.995860 0.595362 -0.798218 0.091600 -0.000314
2321	0.063700 -0.088400 0.006200 0.056398 -0.071297 -0.995860 0.798667 0.601776 0.002200 0.595362 -0.798218 0.091600 1.000497
2332	0.033000 -0.105100 -0.027700 -0.004900 0.023300 -0.999715 0.951414 0.307905 0.002500 0.317858 -0.947785 -0.025804 0.001525
2333	0.033000 -0.105100 -0.027700 0.951414 0.307905 0.002500 0.004900 -0.023300 0.999715 0.317858 -0.947785 -0.025804 -0.004826
2331	0.033000 -0.105100 -0.027700 -0.004900 0.023300 -0.999715 0.951414 0.307905 0.002500 0.317858 -0.947785 -0.025804 0.990178
2343	0.033300 -0.103400 0.006300 0.041500 -0.123300 -0.991501 0.948001 0.318300 0.000100 0.315336 -0.940682 0.125200 -0.003150
2342	0.033300 -0.103400 0.006300 0.948001 0.318300 0.000100 -0.041500 0.123300 0.991501 0.315336 -0.940682 0.125200 -0.001350
2341	0.033300 -0.103400 0.006300 0.041500 -0.123300 -0.991501 0.948001 0.318300 0.000100 0.315336 -0.940682 0.125200 1.010903
2412	0.095200 -0.030600 0.039200 0.323999 -0.063600 -0.943897 0.309099 0.950098 0.042100 0.895375 -0.302838 0.326412 -0.003011
2413	0.095200 -0.030600 0.039200 0.309099 0.950098 0.042100 -0.323999 0.063600 0.943897 0.895375 -0.302838 0.326412 -0.003039
2411	0.095200 -0.030600 0.039200 0.323999 -0.063600 -0.943897 0.309099 0.950098 0.042100 0.895375 -0.302838 0.326412 0.995412
2423	0.101700 -0.033800 0.005800 0.066101 -0.028300 -0.997412 0.314004 0.949411 -0.006100 0.945985 -0.315682 0.073843 -0.005922
2422	0.101700 -0.033800 0.005800 0.314004 0.949411 -0.006100 -0.066101 0.028300 0.997412 0.945985 -0.315682 0.073843 -0.002788
2421	0.101700 -0.033800 0.005800 0.066101 -0.028300 -0.997412 0.314004 0.949411 -0.006100 0.945985 -0.315682 0.073843 0.999380
2433	0.086600 -0.063900 0.005600 0.060099 -0.044799 -0.997187 0.549293 0.835589 -0.004400 0.832621 -0.548098 0.079370 -0.001093
2432	0.086600 -0.063900 0.005600 0.549293 0.835589 -0.004400 -0.060099 0.044799 0.997187 0.832621 -0.548098 0.079370 -0.001594
2431	0.086600 -0.063900 0.005600 0.060099 -0.044799 -0.997187 0.549293 0.835589 -0.004400 0.832621 -0.548098 0.079370 1.000065
2442	0.078100 -0.062900 0.039400 0.259507 -0.203505 -0.944125 0.598716 0.800921 -0.008000 0.763648 -0.557439 0.325658 -0.000193
2443	0.078100 -0.062900 0.039400 0.598716 0.800921 -0.008000 -0.259507 0.203505 0.944125 0.763648 -0.557439 0.325658 -0.006634
2441	0.078100 -0.062900 0.039400 0.259507 -0.203505 -0.944125 0.598716 0.800921 -0.008000 0.763648 -0.557439 0.325658 0.997152
2512	0.063000 -0.090600 -0.027600 -0.013600 0.025200 -0.999598 0.808198 0.588899 0.003800 0.598566 -0.799970 -0.041995 -0.001396
2513	0.063000 -0.090600 -0.027600 0.808198 0.588899 0.003800 0.013600 -0.025200 0.999598 0.598566 -0.799970 -0.041995 -0.005408
2511	0.063000 -0.090600 -0.027600 -0.013600 0.025200 -0.999598 0.808198 0.588899 0.003800 0.598566 -0.799970 -0.041995 1.006784
2522	0.086100 -0.066100 -0.028000 -0.021299 0.011700 -0.999673 0.571385 0.820678 -0.002600 0.830111 -0.557221 -0.020484 -0.004153
2523	0.086100 -0.066100 -0.028000 0.571385 0.820678 -0.002600 0.021299 -0.011700 0.999673 0.830111 -0.557221 -0.020484 -0.006837
2521	0.086100 -0.066100 -0.028000 -0.021299 0.011700 -0.999673 0.571385 0.820678 -0.002600 0.830111 -0.557221 -0.020484 1.005652
2533	0.075700 -0.079800 -0.062000 0.014300 -0.000900 -0.999897 0.690798 0.722998 0.009300 0.712638 -0.701406 0.013126 -0.002249
2532	0.075700 -0.079800 -0.062000 0.690798 0.722998 0.009300 -0.014300 0.000900 0.999897 0.712638 -0.701406 0.013126 -0.003306
2531	0.075700 -0.079800 -0.062000 0.014300 -0.000900 -0.999897 0.690798 0.722998 0.009300 0.712638 -0.701406 0.013126 0.995372
2543	0.048800 -0.099400 -0.062100 0.011000 -0.007000 -0.999915 0.903014 0.429706 0.007000 0.419802 -0.907534 0.011906 -0.000214
2542	0.048800 -0.099400 -0.062100 0.903014 0.429706 0.007000 -0.011000 0.007000 0.999915 0.419802 -0.907534 0.011906 -0.002517
2541	0.048800 -0.099400 -0.062100 0.011000 -0.007000 -0.999915 0.903014 0.429706 0.007000 0.419802 -0.907534 0.011906 1.004262
2612	0.108700 -0.003300 -0.028000 -0.020500 0.003400 -0.999813 0.081001 0.996713 0.001700 0.997643 -0.067301 -0.012693 -0.001533
2613	0.108700 -0.003300 -0.028000 0.081001 0.996713 0.001700 0.020500 -0.003400 0.999813 0.997643 -0.067301 -0.012693 -0.008889
2611	0.108700 -0.003300 -0.028000 -0.020500 0.003400 -0.999813 0.081001 0.996713 0.001700 0.997643 -0.067301 -0.012693 1.001568
2623	0.106800 -0.020600 -0.062100 0.013100 0.004500 -0.999904 0.215701 0.976404 0.007200 0.973791 -0.225782 0.027295 -0.003035
2622	0.106800 -0.020600 -0.062100 0.215701 0.976404 0.007200 -0.013100 -0.004500 0.999904 0.973791 -0.225782 0.027295 -0.002232
2621	0.106800 -0.020600 -0.062100 0.013100 0.004500 -0.999904 0.215701 0.976404 0.007200 0.973791 -0.225782 0.027295 0.998199
2633	0.095100 -0.052400 -0.062000 0.015200 0.003300 -0.999879 0.476590 0.879082 0.010100 0.876464 -0.481298 0.012690 -0.005603
2632	0.095100 -0.052400 -0.062000 0.476590 0.879082 0.010100 -0.015200 -0.003300 0.999879 0.876464 -0.481298 0.012690 -0.001491
2631	0.095100 -0.052400 -0.062000 0.015200 0.003300 -0.999879 0.476590 0.879082 0.010100 0.876464 -0.481298 0.012690 1.007075
2642	0.101700 -0.036100 -0.027800 -0.027699 0.005300 -0.999573 0.341491 0.939874 -0.004500 0.943338 -0.330922 -0.024514 -0.003762
2643	0.101700 -0.036100 -0.027800 0.341491 0.939874 -0.004500 0.027699 -0.005300 0.999573 0.943338 -0.330922 -0.024514 -0.006626
2641	0.101700 -0.036100 -0.027800 -0.027699 0.005300 -0.999573 0.341491 0.939874 -0.004500 0.943338 -0.330922 -0.024514 0.995885

